Unable to init server: Could not connect: Connection refused
Unable to init server: Could not connect: Connection refused

(transfer_attacks.py:1840271): Gdk-CRITICAL **: 11:40:31.972: gdk_cursor_new_for_display: assertion 'GDK_IS_DISPLAY (display)' failed
Working on OSSA Attacks...
Working on FGSM Attacks...
Working on LeNet OSSA Attacks...
Working on LeNet FGSM Attacks...
Working on UNet OSSA Attacks...
Working on UNet FGSM Attacks...
+----------+-----------------+----------------------+-----------------------+----------------------------+----------------------+---------------------------+
| Epsilons | OSSA Fool Ratio | FGSM Attack Accuracy | LeNet OSSA Fool Ratio | LeNet FGSM Attack Accuracy | UNet OSSA Fool Ratio | UNet FGSM Attack Accuracy |
+----------+-----------------+----------------------+-----------------------+----------------------------+----------------------+---------------------------+
|   0.0    |       3.01      |         3.01         |          -0.9         |            -0.9            |        -0.21         |           -0.21           |
|   0.2    |      88.11      |        98.14         |         -0.71         |            0.28            |        80.64         |           97.59           |
|   0.4    |      95.19      |         99.6         |         -0.41         |            6.64            |        94.51         |            99.4           |
|   0.6    |       91.9      |        99.78         |          0.06         |           23.45            |        91.57         |           99.75           |
|   0.8    |      89.21      |        99.82         |          1.1          |           39.76            |        88.79         |           99.79           |
|   1.0    |      86.66      |        99.83         |          2.46         |           53.19            |        86.09         |           99.83           |
|   1.2    |      84.59      |        99.84         |          4.67         |            63.7            |        84.07         |           99.83           |
|   1.4    |      82.98      |        99.84         |          8.18         |           71.36            |        82.38         |           99.82           |
|   1.6    |      81.52      |        99.82         |         12.54         |           76.74            |        80.92         |           99.79           |
|   1.8    |      80.24      |        99.77         |         17.18         |           80.83            |        79.69         |           99.75           |
|   2.0    |      79.18      |        99.77         |          21.9         |           83.41            |        78.57         |           99.67           |
|   2.2    |      78.39      |        99.73         |         26.64         |            85.3            |        77.54         |           99.66           |
|   2.4    |      77.49      |        99.61         |         30.83         |           86.72            |        76.64         |           99.64           |
|   2.6    |      76.91      |        99.58         |         35.33         |           87.82            |        76.16         |           99.58           |
|   2.8    |      76.36      |        99.55         |         39.06         |            88.4            |        75.61         |           99.52           |
|   3.0    |      75.66      |        99.51         |          43.0         |            88.9            |        74.85         |           99.42           |
|   3.2    |      75.37      |        99.43         |         46.29         |           89.31            |        74.43         |           99.35           |
|   3.4    |      75.17      |        99.38         |         49.24         |           89.52            |        74.26         |           99.33           |
|   3.6    |      74.85      |        99.33         |         52.02         |           89.68            |        73.81         |           99.33           |
|   3.8    |      74.46      |        99.27         |         54.81         |           89.78            |        73.48         |           99.27           |
|   4.0    |      74.19      |        99.21         |         57.15         |           89.88            |        73.17         |           99.22           |
|   4.2    |       74.0      |        99.19         |         59.16         |           89.91            |        73.05         |           99.15           |
|   4.4    |      73.77      |        99.17         |         61.34         |           89.96            |        72.88         |           99.11           |
|   4.6    |       73.9      |        99.14         |         63.33         |           90.03            |        72.77         |           99.09           |
|   4.8    |      73.93      |        99.14         |         65.15         |           90.03            |        72.69         |           99.12           |
|   5.0    |      73.81      |        99.15         |         66.78         |           90.07            |        72.41         |           99.09           |
|   5.2    |      73.72      |        99.17         |         68.36         |            90.1            |        72.52         |           99.12           |
|   5.4    |      73.57      |        99.16         |         69.78         |            90.1            |        72.32         |           99.06           |
|   5.6    |       73.6      |        99.15         |         71.11         |           90.09            |        72.37         |           99.01           |
|   5.8    |       73.9      |        99.15         |         72.18         |           90.11            |        72.49         |           98.97           |
|   6.0    |      73.74      |        99.12         |         73.36         |           90.14            |        72.32         |           98.91           |
|   6.2    |      73.76      |        99.11         |         74.37         |           90.15            |        72.37         |           98.84           |
|   6.4    |      73.78      |        99.13         |         75.22         |           90.17            |        72.38         |           98.84           |
|   6.6    |      73.79      |         99.1         |         76.01         |           90.19            |        72.44         |           98.82           |
|   6.8    |      73.99      |        99.06         |         76.71         |           90.21            |        72.56         |           98.81           |
|   7.0    |      74.02      |        99.06         |          77.2         |           90.22            |        72.57         |           98.79           |
|   7.2    |      73.98      |        99.03         |          77.9         |           90.21            |        72.77         |           98.79           |
|   7.4    |      74.02      |        98.98         |         78.49         |           90.21            |        72.87         |           98.79           |
|   7.6    |      74.04      |        98.94         |         79.01         |           90.27            |        72.88         |           98.77           |
|   7.8    |      74.12      |        98.93         |         79.43         |           90.28            |        73.04         |           98.77           |
|   8.0    |      74.22      |        98.91         |         79.86         |           90.27            |        73.23         |           98.77           |
|   8.2    |      74.28      |        98.89         |         80.37         |           90.27            |        73.24         |           98.77           |
|   8.4    |      74.24      |        98.87         |         80.78         |           90.26            |        73.39         |           98.77           |
|   8.6    |      74.54      |        98.88         |         81.18         |           90.24            |        73.46         |           98.79           |
|   8.8    |      74.59      |         98.9         |         81.58         |           90.26            |        73.58         |           98.81           |
|   9.0    |      74.61      |         98.9         |         81.97         |           90.22            |        73.46         |           98.82           |
|   9.2    |      74.73      |        98.89         |         82.48         |           90.22            |        73.82         |           98.79           |
|   9.4    |      74.78      |        98.88         |         82.72         |           90.22            |        73.92         |            98.8           |
|   9.6    |      74.82      |        98.88         |          83.1         |            90.2            |        73.98         |           98.83           |
|   9.8    |      74.78      |        98.88         |         83.35         |           90.24            |        73.96         |           98.82           |
|   10.0   |      74.88      |        98.88         |          83.7         |           90.24            |        73.92         |           98.85           |
|   10.2   |      74.88      |        98.89         |          83.9         |           90.24            |        73.94         |           98.85           |
|   10.4   |      75.05      |        98.86         |         84.09         |           90.26            |        74.11         |           98.83           |
|   10.6   |      75.21      |        98.87         |          84.3         |           90.26            |        74.24         |           98.81           |
|   10.8   |      75.24      |        98.87         |         84.53         |           90.28            |        74.48         |           98.81           |
|   11.0   |      75.21      |        98.88         |         84.72         |           90.27            |        74.53         |           98.79           |
|   11.2   |      75.42      |        98.88         |         84.91         |           90.28            |        74.58         |           98.79           |
|   11.4   |      75.38      |        98.87         |          85.1         |           90.29            |        74.57         |           98.79           |
|   11.6   |      75.47      |        98.86         |         85.27         |           90.31            |        74.58         |           98.78           |
|   11.8   |      75.58      |        98.86         |         85.42         |           90.31            |        74.64         |           98.75           |
|   12.0   |      75.76      |        98.85         |         85.55         |           90.32            |        74.72         |           98.75           |
+----------+-----------------+----------------------+-----------------------+----------------------------+----------------------+---------------------------+
